5.027455720207862
-0.47772203676183306
1.5241607839544198
1.8244432070618577
0.7234076556679186
-0.07734547261858248
2.525102194312546
-0.27753375469020775
-0.17743961365439512
-0.27753375469020775
0.3230310915246681
-0.47772203676183306
-0.47772203676183306
-0.47772203676183306
-0.3776278957260204
-0.27753375469020775
-0.17743961365439512
-0.17743961365439512
0.8235017967037312
-0.47772203676183306
-0.47772203676183306
-0.47772203676183306
-0.47772203676183306
-0.17743961365439512
-0.27753375469020775
-0.17743961365439512
-0.27753375469020775
-0.47772203676183306
-0.47772203676183306
-0.17743961365439512
-0.47772203676183306
-0.47772203676183306
-0.07734547261858248
-0.27753375469020775
-0.3776278957260204
-0.47772203676183306
-0.3776278957260204
-0.3776278957260204
-0.47772203676183306
-0.47772203676183306
-0.47772203676183306
0.22293695048885545
-0.47772203676183306
-0.47772203676183306
