7.581292542542777
-0.10855430430430768
-0.29764889889890817
0.7108556056056278
2.790896146146233
0.08054029029029279
0.6478240740740943
-0.29764889889890817
-0.29764889889890817
-0.29764889889890817
-0.10855430430430768
0.5847925425425607
0.08054029029029279
-0.29764889889890817
0.26963488488489323
0.08054029029029279
0.14357182182182626
-0.29764889889890817
0.33266641641642675
0.08054029029029279
-0.29764889889890817
-0.29764889889890817
-0.29764889889890817
-0.29764889889890817
-0.29764889889890817
-0.23461736736737465
-0.17158583583584117
0.3956979479479602
0.14357182182182626
-0.29764889889890817
-0.29764889889890817
-0.23461736736737465
-0.10855430430430768
0.9629817317317617
-0.10855430430430768
-0.29764889889890817
-0.10855430430430768
-0.23461736736737465
-0.29764889889890817
-0.29764889889890817
-0.29764889889890817
-0.045522772772774195
-0.29764889889890817
-0.29764889889890817
-0.29764889889890817
-0.29764889889890817
-0.29764889889890817
-0.29764889889890817
-0.29764889889890817
-0.29764889889890817
-0.17158583583584117
-0.29764889889890817
-0.29764889889890817
-0.29764889889890817
-0.29764889889890817
-0.23461736736737465
-0.29764889889890817
-0.23461736736737465
-0.29764889889890817
-0.29764889889890817
-0.29764889889890817
-0.23461736736737465
-0.23461736736737465
-0.23461736736737465
-0.17158583583584117
-0.29764889889890817
-0.29764889889890817
-0.29764889889890817
-0.29764889889890817
-0.29764889889890817
-0.29764889889890817
-0.29764889889890817
