-0.28899932415205987
-0.038269316896848114
-0.10095181871065105
-0.28899932415205987
-0.10095181871065105
0.14977818854456068
3.848045795558934
0.713920704868787
0.5258731994273782
0.713920704868787
8.611915933407955
-0.28899932415205987
-0.22631682233825692
-0.22631682233825692
-0.28899932415205987
-0.22631682233825692
-0.22631682233825692
-0.16363432052445398
-0.038269316896848114
0.08709568673075775
-0.22631682233825692
-0.10095181871065105
-0.038269316896848114
-0.10095181871065105
-0.038269316896848114
0.02441318491695482
-0.28899932415205987
-0.28899932415205987
-0.16363432052445398
-0.10095181871065105
-0.10095181871065105
0.713920704868787
-0.28899932415205987
-0.16363432052445398
0.02441318491695482
-0.038269316896848114
0.08709568673075775
-0.10095181871065105
-0.22631682233825692
-0.16363432052445398
-0.22631682233825692
-0.28899932415205987
-0.28899932415205987
-0.28899932415205987
-0.16363432052445398
-0.22631682233825692
-0.28899932415205987
-0.22631682233825692
-0.16363432052445398
-0.28899932415205987
-0.22631682233825692
-0.16363432052445398
-0.28899932415205987
-0.28899932415205987
-0.28899932415205987
-0.28899932415205987
-0.038269316896848114
0.02441318491695482
-0.16363432052445398
-0.038269316896848114
-0.16363432052445398
-0.038269316896848114
-0.16363432052445398
-0.28899932415205987
0.21246069035836362
-0.10095181871065105
-0.28899932415205987
0.14977818854456068
-0.28899932415205987
-0.28899932415205987
-0.28899932415205987
-0.28899932415205987
-0.28899932415205987
-0.10095181871065105
-0.10095181871065105
0.4005081957997724
-0.28899932415205987
-0.28899932415205987
-0.22631682233825692
-0.28899932415205987
-0.28899932415205987
-0.038269316896848114
-0.16363432052445398
-0.22631682233825692
-0.10095181871065105
-0.22631682233825692
-0.28899932415205987
-0.22631682233825692
-0.22631682233825692
-0.28899932415205987
-0.28899932415205987
-0.28899932415205987
-0.10095181871065105
-0.28899932415205987
-0.28899932415205987
