4.795511231125062
-0.2535029874821746
-0.30898666021412224
1.9935857581617051
-0.30898666021412224
-0.30898666021412224
-0.30898666021412224
-0.30898666021412224
-0.30898666021412224
-0.2812448238481484
0.02391537617756366
0.10714088527548514
-0.003826460188410166
-0.2535029874821746
-0.30898666021412224
-0.22576115111620076
-0.2535029874821746
-0.2812448238481484
-0.30898666021412224
-0.30898666021412224
-0.30898666021412224
-0.30898666021412224
-0.30898666021412224
-0.30898666021412224
-0.30898666021412224
-0.19801931475022694
-0.2812448238481484
-0.2535029874821746
-0.30898666021412224
