-0.09990048616719933
-0.18513027156858622
-0.22774516426927965
-0.0572855934665059
-0.22774516426927965
0.8802420459487497
-0.2703600569699731
6.6758674532430575
-0.2703600569699731
-0.3129749496706665
-0.2703600569699731
-0.09990048616719933
-0.09990048616719933
1.0507016167515233
2.9683717882827283
0.9228569386494431
1.0507016167515233
-0.14251537886789278
-0.3129749496706665
-0.3129749496706665
0.027944191934880975
-0.3129749496706665
-0.18513027156858622
-0.3129749496706665
-0.22774516426927965
-0.014670700765812464
-0.2703600569699731
-0.3129749496706665
-0.3129749496706665
-0.0572855934665059
-0.3129749496706665
-0.3129749496706665
-0.3129749496706665
-0.2703600569699731
-0.18513027156858622
-0.22774516426927965
-0.3129749496706665
-0.3129749496706665
-0.22774516426927965
-0.3129749496706665
-0.3129749496706665
-0.22774516426927965
-0.3129749496706665
-0.22774516426927965
-0.22774516426927965
-0.22774516426927965
-0.3129749496706665
-0.3129749496706665
-0.3129749496706665
-0.3129749496706665
-0.3129749496706665
-0.2703600569699731
-0.3129749496706665
-0.3129749496706665
-0.0572855934665059
-0.3129749496706665
-0.3129749496706665
-0.2703600569699731
-0.3129749496706665
-0.3129749496706665
-0.3129749496706665
