4.143993831649467
-0.5656147569660832
-0.42709685730091995
-0.5656147569660832
-0.01154315830543023
1.3736358383462024
0.2654926410248962
0.8195642396855493
-0.42709685730091995
-0.2885789576357567
-0.01154315830543023
-0.7041326566312465
1.6506716376765287
0.2654926410248962
-0.5656147569660832
-0.2885789576357567
-0.2885789576357567
-0.2885789576357567
0.5425284403552227
-0.7041326566312465
1.5121537380113654
-0.5656147569660832
1.789189537341692
0.9580821393507124
2.0662253366720185
-0.42709685730091995
-0.7041326566312465
0.8195642396855493
0.681046340020386
-0.7041326566312465
-0.5656147569660832
-0.7041326566312465
-0.7041326566312465
-0.7041326566312465
-0.7041326566312465
-0.7041326566312465
-0.7041326566312465
-0.7041326566312465
-0.7041326566312465
-0.01154315830543023
-0.5656147569660832
1.3736358383462024
-0.7041326566312465
-0.7041326566312465
-0.7041326566312465
-0.7041326566312465
-0.42709685730091995
-0.7041326566312465
