-0.3105328004893263
-0.46706152919126315
4.385329060568779
-0.46706152919126315
-0.46706152919126315
2.193926858741663
-0.3105328004893263
-0.3887971648402947
-0.46706152919126315
0.5503752073713263
-0.3105328004893263
-0.3887971648402947
-0.46706152919126315
-0.46706152919126315
-0.3105328004893263
-0.23226843613835788
0.8634326647751999
-0.3887971648402947
-0.46706152919126315
-0.46706152919126315
-0.3887971648402947
-0.46706152919126315
-0.46706152919126315
0.2373177499674526
1.0982257578281052
-0.3887971648402947
-0.46706152919126315
-0.46706152919126315
0.6286395717222947
-0.46706152919126315
-0.46706152919126315
