0.31746823870531776
0.1482910851847208
-0.528417528897667
0.26107585419845214
-0.528417528897667
-0.4720251443908014
-0.4156327598839358
3.8137960781309888
-0.2464556063633388
2.9115179260211383
-0.3028479908702044
-0.528417528897667
0.09189870067785515
-0.528417528897667
0.37386062321218344
-0.4720251443908014
-0.528417528897667
-0.4720251443908014
-0.13367083734960747
-0.13367083734960747
-0.528417528897667
-0.4720251443908014
-0.19006322185647312
-0.528417528897667
-0.02088606833587616
-0.4720251443908014
-0.4156327598839358
