2.527320668417404
1.4373710540055857
-0.3337970694136194
-0.5381626221158353
-0.5381626221158353
-0.5381626221158353
-0.40191892031435805
-0.5381626221158353
-0.5381626221158353
-0.47004077121509674
-0.47004077121509674
-0.5381626221158353
-0.47004077121509674
-0.5381626221158353
-0.5381626221158353
-0.12943151671140346
1.6417366067078016
1.4373710540055857
-0.5381626221158353
0.551786992295983
-0.5381626221158353
3.9578795373329156
-0.5381626221158353
-0.5381626221158353
-0.5381626221158353
-0.47004077121509674
1.777980308509279
-0.12943151671140346
-0.3337970694136194
-0.5381626221158353
-0.5381626221158353
-0.5381626221158353
0.551786992295983
0.4836651413952444
-0.5381626221158353
-0.5381626221158353
-0.5381626221158353
-0.19755336761214212
-0.40191892031435805
-0.3337970694136194
