3.1372647973012877
2.24035586319194
1.2744539341511034
0.722509974699197
2.4473348479864048
-0.45037093913610426
-0.5193639340675926
-0.45037093913610426
-0.45037093913610426
-0.17439895941015104
-0.38137794420461596
-0.5193639340675926
-0.38137794420461596
-0.38137794420461596
-0.45037093913610426
-0.24339195434163935
-0.24339195434163935
2.7233068277123578
-0.5193639340675926
-0.5193639340675926
-0.38137794420461596
-0.45037093913610426
-0.5193639340675926
-0.45037093913610426
-0.5193639340675926
-0.5193639340675926
-0.24339195434163935
-0.45037093913610426
-0.45037093913610426
-0.5193639340675926
-0.17439895941015104
-0.5193639340675926
-0.38137794420461596
-0.45037093913610426
-0.31238494927312765
-0.5193639340675926
