7.424843650233399
-0.294657032289221
-0.25293000157288253
-0.25293000157288253
-0.25293000157288253
-0.12774890942386707
-0.25293000157288253
0.7902457663355797
0.4564295206048718
-0.16947594014020556
2.1255107492584115
-0.25293000157288253
-0.25293000157288253
-0.25293000157288253
-0.25293000157288253
-0.16947594014020556
-0.25293000157288253
-0.21120297085654405
-0.21120297085654405
-0.12774890942386707
-0.21120297085654405
0.28952139773951785
-0.25293000157288253
-0.25293000157288253
-0.25293000157288253
0.08088624415782539
-0.08602187870752857
-0.25293000157288253
-0.08602187870752857
-0.25293000157288253
-0.25293000157288253
-0.25293000157288253
-0.25293000157288253
0.6233376434702258
-0.21120297085654405
-0.08602187870752857
-0.25293000157288253
-0.21120297085654405
-0.25293000157288253
-0.25293000157288253
-0.25293000157288253
-0.25293000157288253
0.9988809199172721
-0.16947594014020556
-0.25293000157288253
-0.25293000157288253
-0.16947594014020556
-0.25293000157288253
-0.25293000157288253
-0.25293000157288253
-0.25293000157288253
-0.25293000157288253
-0.25293000157288253
-0.25293000157288253
-0.21120297085654405
-0.25293000157288253
-0.21120297085654405
-0.25293000157288253
-0.21120297085654405
-0.25293000157288253
-0.0025678172748515903
-0.25293000157288253
-0.25293000157288253
-0.25293000157288253
-0.25293000157288253
