-0.48525003371927694
0.5127819505260445
-0.28564363687021266
-0.38544683529474477
0.01376595840338377
3.2074683079884125
-0.48525003371927694
0.21337235525244805
-0.38544683529474477
0.01376595840338377
-0.38544683529474477
-0.38544683529474477
-0.08603724002114836
-0.38544683529474477
-0.48525003371927694
3.8062874985356054
0.01376595840338377
-0.48525003371927694
0.3131755536769802
-0.38544683529474477
-0.38544683529474477
-0.48525003371927694
-0.48525003371927694
-0.48525003371927694
0.3131755536769802
-0.48525003371927694
-0.48525003371927694
-0.48525003371927694
-0.48525003371927694
