-0.15215151294707568
-0.2635864238378917
4.75098456624883
0.07071830883455636
-0.15215151294707568
0.1264357642799644
-0.2635864238378917
-0.4864562456195237
-0.15215151294707568
-0.37502133472870774
-0.09643405750166767
-0.040716602056259654
0.9064801405156765
-0.4864562456195237
-0.43073879017411576
-0.31930387928329973
0.07071830883455636
-0.4864562456195237
-0.4864562456195237
-0.43073879017411576
-0.2078689683924837
0.4050230415070044
-0.2635864238378917
-0.43073879017411576
-0.4864562456195237
-0.31930387928329973
