-0.14145095020257684
-0.28398167865097484
-0.2364714358348422
8.647943970781968
-0.04643046457031149
0.42867196359101534
-0.28398167865097484
-0.09394070738644417
-0.04643046457031149
0.33365147795874994
0.23863099232648458
-0.09394070738644417
0.0010797782458211857
-0.09394070738644417
-0.09394070738644417
-0.09394070738644417
-0.28398167865097484
-0.28398167865097484
-0.09394070738644417
-0.2364714358348422
0.0010797782458211857
0.8562641489362094
2.6141431331331186
-0.04643046457031149
-0.09394070738644417
-0.09394070738644417
-0.14145095020257684
0.33365147795874994
-0.09394070738644417
-0.2364714358348422
-0.28398167865097484
-0.28398167865097484
-0.28398167865097484
-0.09394070738644417
-0.2364714358348422
-0.1889611930187095
-0.1889611930187095
0.33365147795874994
-0.09394070738644417
-0.28398167865097484
-0.2364714358348422
-0.28398167865097484
-0.04643046457031149
-0.14145095020257684
-0.2364714358348422
-0.2364714358348422
-0.1889611930187095
-0.28398167865097484
-0.14145095020257684
1.1888358486491382
0.09610026387808654
-0.28398167865097484
-0.2364714358348422
-0.09394070738644417
-0.28398167865097484
-0.09394070738644417
-0.09394070738644417
-0.28398167865097484
-0.2364714358348422
-0.28398167865097484
-0.2364714358348422
-0.2364714358348422
-0.28398167865097484
-0.1889611930187095
-0.28398167865097484
-0.28398167865097484
-0.28398167865097484
-0.28398167865097484
-0.28398167865097484
-0.1889611930187095
-0.2364714358348422
-0.14145095020257684
-0.2364714358348422
-0.04643046457031149
-0.28398167865097484
-0.1889611930187095
-0.2364714358348422
-0.28398167865097484
-0.28398167865097484
-0.28398167865097484
-0.2364714358348422
-0.1889611930187095
-0.28398167865097484
0.19112074951035188
-0.28398167865097484
-0.2364714358348422
-0.28398167865097484
-0.2364714358348422
