-0.0642475062477123
2.604593903282256
3.640263703995378
2.6444273571558377
-0.3430816833627836
-0.3829151372363652
-0.42274859110994684
-0.42274859110994684
-0.3829151372363652
-0.14391441399487553
-0.14391441399487553
-0.22358132174203876
-0.42274859110994684
-0.42274859110994684
-0.42274859110994684
-0.42274859110994684
0.5730877557295936
-0.3829151372363652
-0.303248229489202
-0.42274859110994684
-0.42274859110994684
-0.303248229489202
-0.42274859110994684
-0.3829151372363652
-0.42274859110994684
-0.10408096012129392
-0.3829151372363652
-0.42274859110994684
-0.42274859110994684
-0.42274859110994684
-0.42274859110994684
