0.4371356814072916
-0.26440729665669
-0.26440729665669
1.1386786594712732
0.6922422188851032
2.605541249968689
-0.20063066228723714
-0.3281839310261429
0.05447587519057435
-0.3281839310261429
-0.3281839310261429
-0.3281839310261429
-0.3281839310261429
-0.26440729665669
0.11825250956002722
-0.0730773935483314
-0.13685402791778428
-0.0730773935483314
0.4371356814072916
3.689744034249388
8.026555171372184
-0.26440729665669
-0.26440729665669
-0.3281839310261429
-0.3281839310261429
-0.3281839310261429
-0.26440729665669
-0.13685402791778428
-0.20063066228723714
1.5213384656879905
0.05447587519057435
0.05447587519057435
0.5646889501461974
-0.009300759178878525
-0.20063066228723714
-0.3281839310261429
-0.3281839310261429
-0.13685402791778428
-0.13685402791778428
-0.13685402791778428
-0.3281839310261429
-0.26440729665669
0.4371356814072916
-0.3281839310261429
-0.3281839310261429
-0.3281839310261429
-0.13685402791778428
-0.3281839310261429
-0.20063066228723714
-0.20063066228723714
-0.3281839310261429
-0.20063066228723714
-0.13685402791778428
-0.20063066228723714
0.11825250956002722
-0.20063066228723714
-0.3281839310261429
-0.3281839310261429
-0.3281839310261429
-0.26440729665669
-0.3281839310261429
-0.26440729665669
-0.3281839310261429
-0.3281839310261429
-0.3281839310261429
-0.3281839310261429
0.5009123157767444
-0.3281839310261429
-0.3281839310261429
-0.3281839310261429
-0.3281839310261429
-0.3281839310261429
-0.3281839310261429
-0.13685402791778428
-0.26440729665669
-0.3281839310261429
-0.20063066228723714
-0.13685402791778428
-0.3281839310261429
-0.3281839310261429
-0.3281839310261429
-0.26440729665669
0.05447587519057435
-0.3281839310261429
-0.26440729665669
-0.26440729665669
-0.3281839310261429
-0.3281839310261429
-0.26440729665669
-0.26440729665669
-0.13685402791778428
-0.26440729665669
-0.3281839310261429
-0.13685402791778428
-0.009300759178878525
-0.3281839310261429
