1.5179059832083361
-0.24900978679596017
-0.06932343730399781
0.020519737441983352
0.4397878862565622
-0.2190620618806331
0.2601015367645998
-0.09927116221932487
9.783478059838604
1.877278682192261
0.2002060869339457
-0.24900978679596017
-0.24900978679596017
-0.24900978679596017
-0.12921888713465193
-0.15916661204997898
-0.18911433696530605
-0.18911433696530605
0.14031063710329159
-0.18911433696530605
0.9488992098171221
0.2002060869339457
-0.18911433696530605
-0.06932343730399781
0.05046746235731041
-0.18911433696530605
1.0087946596477761
-0.2190620618806331
-0.24900978679596017
-0.24900978679596017
-0.12921888713465193
-0.15916661204997898
-0.15916661204997898
-0.24900978679596017
-0.06932343730399781
-0.15916661204997898
-0.06932343730399781
-0.24900978679596017
-0.15916661204997898
-0.2190620618806331
-0.24900978679596017
-0.24900978679596017
-0.09927116221932487
-0.24900978679596017
0.4098401613412351
-0.2190620618806331
-0.15916661204997898
-0.2190620618806331
-0.2190620618806331
-0.009427987473343705
-0.18911433696530605
-0.2190620618806331
-0.12921888713465193
-0.2190620618806331
-0.24900978679596017
-0.24900978679596017
-0.24900978679596017
-0.2190620618806331
-0.12921888713465193
-0.09927116221932487
0.05046746235731041
-0.12921888713465193
-0.15916661204997898
-0.2190620618806331
-0.24900978679596017
-0.24900978679596017
-0.24900978679596017
-0.24900978679596017
-0.24900978679596017
-0.2190620618806331
-0.06932343730399781
-0.15916661204997898
0.2601015367645998
-0.24900978679596017
-0.15916661204997898
-0.2190620618806331
-0.24900978679596017
-0.2190620618806331
-0.24900978679596017
-0.06932343730399781
-0.2190620618806331
0.29004926167992684
-0.2190620618806331
0.05046746235731041
-0.24900978679596017
-0.2190620618806331
-0.24900978679596017
-0.2190620618806331
-0.2190620618806331
-0.24900978679596017
-0.2190620618806331
-0.24900978679596017
-0.18911433696530605
-0.24900978679596017
-0.15916661204997898
-0.24900978679596017
-0.24900978679596017
-0.24900978679596017
-0.15916661204997898
0.23015381184927275
-0.18911433696530605
-0.24900978679596017
-0.18911433696530605
-0.2190620618806331
-0.24900978679596017
-0.2190620618806331
-0.18911433696530605
-0.15916661204997898
