2.015463306233843
-0.45569655937608905
0.36802339582722177
-0.14680157617484751
-0.043836581774433656
5.619238110248328
0.05912841262598019
6.854818043053294
-0.3527315649756752
-0.45569655937608905
-0.45569655937608905
-0.45569655937608905
0.8828483678292909
0.7798833734288771
-0.24976657057526136
-0.3527315649756752
0.16209340702639405
-0.3527315649756752
-0.45569655937608905
-0.45569655937608905
-0.3527315649756752
-0.24976657057526136
-0.3527315649756752
-0.45569655937608905
0.16209340702639405
-0.45569655937608905
-0.3527315649756752
0.6769183790284633
-0.3527315649756752
-0.24976657057526136
-0.45569655937608905
-0.24976657057526136
-0.45569655937608905
-0.45569655937608905
-0.3527315649756752
-0.3527315649756752
-0.3527315649756752
1.2947083454309463
0.7798833734288771
-0.45569655937608905
0.6769183790284633
0.05912841262598019
-0.45569655937608905
-0.45569655937608905
-0.14680157617484751
-0.45569655937608905
0.4709883902276356
0.05912841262598019
0.05912841262598019
-0.45569655937608905
-0.45569655937608905
-0.043836581774433656
0.36802339582722177
1.2947083454309463
-0.043836581774433656
1.0887783566301186
0.36802339582722177
-0.45569655937608905
-0.043836581774433656
-0.043836581774433656
-0.3527315649756752
-0.3527315649756752
-0.14680157617484751
-0.3527315649756752
-0.14680157617484751
-0.24976657057526136
-0.3527315649756752
-0.24976657057526136
0.26505840142680787
-0.45569655937608905
-0.45569655937608905
-0.3527315649756752
-0.45569655937608905
-0.3527315649756752
-0.14680157617484751
-0.3527315649756752
-0.14680157617484751
0.26505840142680787
-0.043836581774433656
-0.45569655937608905
-0.45569655937608905
-0.45569655937608905
-0.14680157617484751
-0.043836581774433656
-0.45569655937608905
-0.45569655937608905
-0.14680157617484751
-0.3527315649756752
-0.3527315649756752
-0.45569655937608905
-0.45569655937608905
0.16209340702639405
-0.45569655937608905
-0.3527315649756752
-0.14680157617484751
0.36802339582722177
0.05912841262598019
-0.45569655937608905
-0.45569655937608905
-0.45569655937608905
-0.45569655937608905
