-0.15729757888954995
-0.15729757888954995
-0.2659078119323345
-0.2659078119323345
1.6347712663163945
5.9248754715063825
-0.32021292845372673
3.535450344565123
-0.32021292845372673
-0.32021292845372673
-0.32021292845372673
-0.32021292845372673
1.2003303341452565
-0.32021292845372673
-0.32021292845372673
-0.32021292845372673
-0.32021292845372673
-0.04868734584676545
-0.32021292845372673
-0.04868734584676545
-0.32021292845372673
-0.32021292845372673
-0.32021292845372673
0.6572791689313339
-0.32021292845372673
-0.32021292845372673
-0.32021292845372673
-0.32021292845372673
-0.2659078119323345
-0.32021292845372673
0.6572791689313339
0.9831098680596875
-0.32021292845372673
-0.32021292845372673
0.005617770674626809
-0.2659078119323345
-0.32021292845372673
-0.32021292845372673
-0.32021292845372673
-0.32021292845372673
-0.32021292845372673
-0.32021292845372673
-0.32021292845372673
-0.32021292845372673
-0.32021292845372673
-0.2659078119323345
-0.32021292845372673
-0.2659078119323345
-0.2659078119323345
-0.32021292845372673
-0.32021292845372673
-0.32021292845372673
-0.32021292845372673
-0.2659078119323345
-0.32021292845372673
-0.32021292845372673
-0.2659078119323345
-0.2659078119323345
