6.416598130551585
0.15974933105107683
0.5591226586787689
-0.23962399657661518
1.3578693139341527
2.1566159691895366
0.026624888508512825
-0.10649955403405117
-0.10649955403405117
-0.5058728816617432
0.5591226586787689
0.026624888508512825
0.15974933105107683
0.6922471012213328
-0.5058728816617432
-0.5058728816617432
-0.23962399657661518
0.4259982161362048
1.4909937564767166
0.026624888508512825
-0.23962399657661518
0.9584959863064608
-0.5058728816617432
-0.5058728816617432
-0.5058728816617432
0.026624888508512825
-0.5058728816617432
0.026624888508512825
-0.37274843911917915
-0.10649955403405117
0.15974933105107683
-0.37274843911917915
-0.10649955403405117
-0.37274843911917915
-0.37274843911917915
-0.37274843911917915
-0.5058728816617432
-0.5058728816617432
-0.5058728816617432
-0.5058728816617432
-0.37274843911917915
-0.5058728816617432
-0.5058728816617432
-0.5058728816617432
-0.5058728816617432
-0.5058728816617432
-0.5058728816617432
0.8253715437638969
-0.5058728816617432
-0.10649955403405117
-0.5058728816617432
-0.5058728816617432
-0.37274843911917915
-0.10649955403405117
-0.5058728816617432
-0.10649955403405117
-0.37274843911917915
-0.5058728816617432
-0.10649955403405117
-0.37274843911917915
