-0.3084344368486235
-0.48614169516538
0.8170448658241679
0.10621583255714179
-0.13072717853186694
-0.5453774479376322
-0.5453774479376322
-0.48614169516538
-0.13072717853186694
4.015775515525785
1.468638146318942
1.3501666407744375
-0.42690594239312785
-0.6046132007098843
-0.6046132007098843
-0.5453774479376322
-0.5453774479376322
-0.42690594239312785
-0.6046132007098843
0.3431588436461505
0.16545158532939397
-0.5453774479376322
1.7055811574079507
-0.42690594239312785
-0.3084344368486235
-0.6046132007098843
-0.6046132007098843
-0.48614169516538
-0.6046132007098843
