-0.4172676078807021
1.8475072375244244
-0.4858971486505544
3.5632457567707325
0.13176871827811645
-0.34863806711084977
-0.34863806711084977
-0.4858971486505544
-0.4858971486505544
-0.4858971486505544
-0.0741199040314405
2.3279140229133906
-0.4172676078807021
-0.4858971486505544
-0.0741199040314405
-0.00549036326158819
-0.4858971486505544
-0.4858971486505544
-0.4172676078807021
-0.1427494448012928
-0.34863806711084977
-0.4858971486505544
-0.4858971486505544
-0.4172676078807021
-0.4858971486505544
