5.162847627362128
3.810252272933351
0.7072394010085107
-0.32709822296643615
-0.2475337903529787
-0.2475337903529787
-0.08840492512606381
-0.32709822296643615
-0.32709822296643615
-0.2475337903529787
0.0707239401008511
-0.32709822296643615
-0.16796935773952126
-0.16796935773952126
-0.32709822296643615
-0.32709822296643615
-0.008840492512606352
-0.32709822296643615
-0.32709822296643615
-0.16796935773952126
-0.2475337903529787
-0.32709822296643615
-0.008840492512606352
-0.32709822296643615
-0.32709822296643615
-0.32709822296643615
-0.2475337903529787
-0.32709822296643615
-0.32709822296643615
-0.008840492512606352
0.5481105357815957
-0.32709822296643615
-0.2475337903529787
-0.2475337903529787
-0.2475337903529787
-0.32709822296643615
-0.32709822296643615
-0.08840492512606381
-0.2475337903529787
-0.2475337903529787
-0.32709822296643615
-0.32709822296643615
-0.32709822296643615
-0.2475337903529787
-0.32709822296643615
