0.43798930676894526
8.887456658551441
-0.2608388200702086
0.6921086256195467
1.5179964118840013
1.0732876038954489
0.3744594770562949
0.6285787959068964
-0.19730899035755825
-0.3878984794955093
1.835645560447253
0.1203401582056935
-0.13377916064490789
-0.3878984794955093
-0.2608388200702086
-0.006719501219607196
0.5015191364815956
-0.07024933093225755
1.6450560713093019
-0.3878984794955093
-0.3878984794955093
-0.3878984794955093
-0.13377916064490789
-0.19730899035755825
-0.32436864978285895
0.18386998791834386
-0.13377916064490789
-0.07024933093225755
0.1203401582056935
0.3744594770562949
-0.32436864978285895
0.5650489661942459
0.3744594770562949
0.6921086256195467
-0.2608388200702086
-0.07024933093225755
-0.3878984794955093
0.1203401582056935
0.2473998176309942
-0.13377916064490789
2.026235049585204
-0.19730899035755825
-0.32436864978285895
-0.32436864978285895
-0.32436864978285895
-0.3878984794955093
-0.3878984794955093
-0.3878984794955093
-0.3878984794955093
-0.32436864978285895
-0.2608388200702086
-0.13377916064490789
-0.13377916064490789
-0.13377916064490789
-0.3878984794955093
-0.07024933093225755
-0.32436864978285895
-0.3878984794955093
-0.3878984794955093
-0.3878984794955093
-0.32436864978285895
-0.32436864978285895
-0.07024933093225755
0.31092964734364453
-0.2608388200702086
-0.32436864978285895
-0.19730899035755825
-0.3878984794955093
-0.3878984794955093
-0.3878984794955093
-0.3878984794955093
-0.3878984794955093
-0.32436864978285895
-0.3878984794955093
-0.19730899035755825
-0.3878984794955093
-0.19730899035755825
-0.32436864978285895
-0.3878984794955093
-0.3878984794955093
-0.3878984794955093
-0.3878984794955093
-0.3878984794955093
-0.13377916064490789
-0.32436864978285895
-0.32436864978285895
-0.32436864978285895
-0.32436864978285895
-0.2608388200702086
-0.32436864978285895
-0.3878984794955093
-0.3878984794955093
0.5650489661942459
-0.2608388200702086
0.2473998176309942
-0.3878984794955093
-0.3878984794955093
-0.3878984794955093
-0.3878984794955093
0.3744594770562949
-0.3878984794955093
-0.3878984794955093
-0.3878984794955093
-0.3878984794955093
