2.558784878940709
2.664345311240243
0.2364553683509566
1.2920596913462985
-0.5024676577457827
5.0922352541295295
-0.3969072254462485
-0.5024676577457827
-0.3969072254462485
-0.08022592854764596
-0.18578636084718014
-0.08022592854764596
-0.3969072254462485
-0.08022592854764596
0.1308949360514224
-0.3969072254462485
-0.5024676577457827
-0.5024676577457827
-0.5024676577457827
-0.18578636084718014
1.08093882674723
-0.3969072254462485
-0.5024676577457827
-0.2913467931467143
-0.18578636084718014
0.1308949360514224
-0.08022592854764596
1.08093882674723
-0.2913467931467143
-0.5024676577457827
-0.5024676577457827
-0.3969072254462485
-0.5024676577457827
0.1308949360514224
-0.3969072254462485
-0.2913467931467143
-0.5024676577457827
0.1308949360514224
-0.5024676577457827
-0.5024676577457827
-0.3969072254462485
-0.5024676577457827
-0.5024676577457827
-0.5024676577457827
-0.3969072254462485
-0.3969072254462485
-0.18578636084718014
-0.5024676577457827
-0.08022592854764596
-0.5024676577457827
