0.2783447656877971
0.6605495185725334
1.616061400784374
-0.4860647400816756
-0.3905135518604915
0.37389595390898117
-0.10385998719693926
-0.29496236363930745
0.7561007067937174
-0.3905135518604915
-0.4860647400816756
-0.10385998719693926
-0.29496236363930745
-0.4860647400816756
-0.29496236363930745
-0.29496236363930745
-0.19941117541812334
-0.29496236363930745
-0.29496236363930745
0.0872423892454289
0.18279357746661298
0.0872423892454289
0.2783447656877971
-0.4860647400816756
1.0427542714572697
-0.19941117541812334
-0.10385998719693926
-0.008308798975755174
1.1383054596784539
1.329407836120822
1.9027149654479263
0.2783447656877971
7.062479129391868
-0.4860647400816756
-0.4860647400816756
-0.29496236363930745
0.0872423892454289
-0.4860647400816756
-0.4860647400816756
-0.4860647400816756
-0.4860647400816756
-0.008308798975755174
-0.10385998719693926
0.2783447656877971
-0.3905135518604915
-0.4860647400816756
-0.29496236363930745
-0.3905135518604915
-0.4860647400816756
-0.19941117541812334
-0.29496236363930745
-0.19941117541812334
-0.4860647400816756
-0.4860647400816756
-0.3905135518604915
-0.4860647400816756
-0.4860647400816756
0.0872423892454289
-0.4860647400816756
-0.29496236363930745
-0.4860647400816756
-0.4860647400816756
-0.4860647400816756
-0.3905135518604915
-0.29496236363930745
-0.29496236363930745
0.0872423892454289
-0.29496236363930745
-0.4860647400816756
