-0.6213916997580974
-0.5046661870963554
-0.3879406744346133
4.514530857358554
-0.3879406744346133
-0.5046661870963554
1.9465695788002277
1.1294909901680334
-0.3879406744346133
0.4291379141975811
-0.3879406744346133
0.07896137621235495
-0.3879406744346133
0.3124124015358391
1.8298440661384858
-0.27121516177287125
-0.5046661870963554
-0.15448964911112917
-0.27121516177287125
-0.27121516177287125
-0.5046661870963554
-0.5046661870963554
-0.5046661870963554
-0.5046661870963554
-0.5046661870963554
-0.5046661870963554
-0.27121516177287125
0.19568688887409702
-0.27121516177287125
0.19568688887409702
-0.5046661870963554
-0.5046661870963554
-0.5046661870963554
-0.5046661870963554
