-0.3459566744584619
1.5402432793709184
-0.3459566744584619
-0.2999517975357941
-0.2079420436904585
-0.02392253599978724
0.7581603716855655
-0.3459566744584619
-0.02392253599978724
-0.06992741292245505
-0.2539469206131263
1.5862481562935862
-0.16193716676779066
6.278745602405702
-0.02392253599978724
-0.3459566744584619
-0.3459566744584619
-0.2999517975357941
-0.16193716676779066
-0.06992741292245505
-0.02392253599978724
0.5741408639948943
-0.3919615513811297
-0.3919615513811297
-0.3919615513811297
0.02208234092288057
0.9421798793762367
-0.3459566744584619
-0.3459566744584619
-0.3919615513811297
-0.3919615513811297
-0.3459566744584619
-0.06992741292245505
-0.2539469206131263
-0.2999517975357941
0.02208234092288057
-0.2999517975357941
-0.3919615513811297
-0.3919615513811297
-0.2999517975357941
-0.3459566744584619
-0.2999517975357941
-0.2079420436904585
-0.3919615513811297
-0.3919615513811297
-0.3459566744584619
-0.3919615513811297
-0.3459566744584619
-0.2539469206131263
-0.3919615513811297
